-0.23318
1.52659
0.1818
0.314103
0.809939
0.0678547
0.0984874
0.282
0.174425
-0.33245
1.53754
0.061304
0.277329
0.796231
0.152
0.184382
0.220935
0.160919
-0.618182
0.661033
-0.0459719
0.0476246
0.150431
0.211835
0.0130903
0.584407
0.288206
-1.38809
-0.516607
-0.208684
-0.307386
-0.401645
0.636072
-0.162258
1.01923
0.772954
-1.00314
-0.0403835
-0.221876
-0.0191382
0.325364
0.559493
0.259359
0.728219
0.601329
-0.434732
0.716017
0.173704
0.2949
0.826796
0.220738
0.567062
0.434982
0.243802
-0.354059
0.618873
0.0969
0.463589
0.850887
0.136223
0.613586
0.442949
0.17253
-1.71999
-1.97392
-0.636327
-0.831387
-1.3032
0.89737
-0.573775
1.17086
1.14751
0.756601
-0.994605
-0.0890723
0.0054989
-0.941478
-0.0569576
-0.175513
-0.264318
-0.12448
1.8185
-0.146948
1.68132
3.35908
-0.676684
-0.0090431
0.222203
-0.0561446
0.714038
0.579235
-0.375042
0.810664
1.98127
-1.16011
0.0298944
-0.758497
-0.126124
-0.784032
0.4788
-0.791388
0.405925
-1.39062
0.0118027
-0.973424
-1.01289
0.0718711
-0.826052
-0.507797
-0.0115221
0.597248
